-0.437484582997734	-0.899226265887543	-3.77265174718311e-07
0.0994370236454993	-0.0483777427149151	0.993867284065358
0.893711553790378	-0.434801512664693	-0.110580892636762
-0.998983114048402	0.0450934927079257	-6.73212802171363e-09
0.00751539583373687	0.16649320064185	0.986014162573483
-0.0444628175995941	-0.985011365779432	0.166662782266748
-0.731313701928689	0.682041724007712	2.03089998984662e-09
-0.0747151779495451	-0.0801127399515354	0.993981895221318
-0.677937039824191	-0.726912482746136	-0.10954640068152
-0.105007058705858	-0.994471828038902	-2.24007203390719e-07
-0.463561779871156	0.0489476497032155	0.884711840898794
0.879820863493133	-0.0929010798567855	0.466138934747712
0.442453645123235	-0.896791735063332	7.01641708622525e-08
0.557808252554122	0.275208091106311	0.783013942227507
0.702200417957725	0.346447315771773	-0.622004517263052
0.326596795144136	0.94516417332316	-1.64363698540448e-07
-0.519986383155443	0.179678857077725	0.835062944265475
-0.789271470156541	0.272728776384519	-0.550154958284853
-0.542336673120338	-0.840161673651515	3.65719499716648e-08
-0.547055064593358	0.353132078443462	0.758965618274952
0.637653785492274	-0.4116148382276	0.651131131544735
-0.459173633215549	0.888346941337788	-9.90034794701167e-08
-0.506623711801622	-0.261866336301062	0.821437018482667
-0.72972097725259	-0.377182226506892	-0.570299642765488
-0.866454165990718	-0.499257285845944	-7.32909357837727e-09
0.340693443315703	-0.591268788862281	0.730978511079685
0.364946305122761	-0.633359270235384	-0.682400958981796
-0.974707004589542	0.223488221410913	-7.93643419039203e-09
0.0681395186212435	0.297179306927727	0.952387434220901
-0.212847352650444	-0.928298577825546	0.304891082678861
0.84608655530734	0.533046174898146	-1.01232268689804e-07
-0.492945396989616	0.782435943228286	0.380524797980292
-0.202837368650359	0.321956876782447	-0.924771107948166
-0.999033932111643	0.0439529629088188	4.79753706900121e-09
0.00918712136030103	0.208819633975042	0.977911175092392
-0.0429820913265721	-0.976966402693311	0.209021674947239
-0.982090473423188	0.188411863544845	5.46127204986702e-08
-0.0896329053464454	-0.467208773172724	0.879592128257838
-0.165725595037483	-0.863838905096873	-0.475729127652057
0.573982861678709	-0.818867704560117	1.43865032586443e-07
0.812040036778865	0.569197117592121	0.128864114794647
0.105522731315834	0.0739656676877543	-0.99166268188425
0.41633857569221	0.909209987795782	-1.18687622258085e-07
0.0618642524822918	-0.0283282793823614	0.997682680397485
-0.907102954999641	0.415373752339659	0.0680417450258209
-0.980426177719882	0.196889019829758	-3.49973729996123e-08
0.0485119635626847	0.241569777858705	0.969170257152563
-0.190818961710921	-0.950199757041237	0.246392763597794
-0.701071227098781	0.71309174369802	-1.02310603153827e-07
-0.577011327723667	-0.56728461671538	0.587576762875489
-0.41899606408702	-0.411933176926574	-0.809168840985561
0.355776929809585	-0.934571287677439	1.98761340047811e-07
0.829163236002231	0.315649823138466	0.46136081967065
0.431174567982685	0.164141359236643	-0.887213000946438
0.354305345377304	0.93513021160574	1.11264526640997e-07
0.721804471569268	-0.273479845262516	0.635773112873377
-0.594530553801346	0.225257711556008	0.771876376392628
0.668979736032766	-0.743281098440141	-8.55112051191233e-08
-0.518131857514621	-0.466337389162836	0.716986144689117
0.532922262675975	0.479649156552969	0.697087817259675
-0.92890429555831	-0.370320897318095	-1.42635516675593e-07
0.164102414806198	-0.411630971989271	0.896454549861573
0.331975875109929	-0.832720285351577	-0.443136291145292
-0.994698667449593	-0.102836295688105	1.34329476708661e-09
-0.0584495859580271	0.565361901802706	0.822769607965125
0.0846105763584497	-0.818407795084019	0.56837541979798
0.914107340385548	0.40547305482075	6.31019814734124e-08
0.160170945634619	-0.361093066202193	0.91867159092354
-0.372496511388039	0.839764353896495	0.395022801683246
-0.30343682174263	-0.952851961777472	2.20752264801227e-08
-0.55767047299095	0.177590812595195	0.81084244996436
0.772612737044964	-0.246039414769791	0.585264856490129
0.429645105259417	-0.902998184125094	1.99352840797584e-07
-0.0739480370708249	-0.0351841366191725	0.996641445548754
0.899965310437437	0.428202076568701	0.0818916311879817
-0.526729414789268	-0.850033447799604	1.04462647670944e-07
0.313671924106554	-0.194368980205468	0.929425074220787
0.790042272146127	-0.489555522450654	-0.369011415667455
0.0708853580961567	0.997484853721574	-2.38025121123384e-07
-0.916451154195029	0.0651268702232178	0.394811607457878
-0.393818570410505	0.0279861418427554	-0.918762462503679
-0.955537224083345	0.294871729004981	-6.80404077524344e-09
0.0446235749406289	0.144603550117936	0.98848314583591
-0.291475668754299	-0.944532353630617	0.151332270788982
-0.877420568991429	0.479722625741236	-1.11386951801018e-07
0.12726776906662	0.232775069602401	0.964167555603075
-0.462532949870583	-0.845980359480537	0.265294830982616
-0.961574245309393	-0.274546340036388	-3.52921542268181e-08
-0.0899195265329746	0.314935045936837	0.944844314522093
0.259403533658931	-0.908537815211102	0.327520471886565
-0.800848149652094	-0.598868104294715	4.64552197820822e-08
0.127141671343647	-0.170022615803034	0.977203987935852
0.585216204520296	-0.782591877953636	-0.21230335314203
0.374349757033869	-0.927287984956945	2.87233447915369e-07
-0.583303745523924	-0.235481759397521	0.777370818207143
0.72084650382086	0.29100875400812	0.629042953501184
-0.823785575865327	0.566902108441276	-1.03873807333343e-08
-0.302398144183045	-0.439425445036397	0.84584927529125
-0.479513702181274	-0.696798355543342	-0.533422428991977
-0.984237449707309	-0.176854133833146	5.61245098536516e-11
-0.130352204378555	0.725442528668627	0.67582675665641
0.119522752930686	-0.665173956611577	0.737060900900416
-0.956361695703012	0.292186648575956	-2.90217481574429e-08
0.0643992659588996	0.210786562288525	0.975408726377691
-0.28500137256515	-0.9328433955626	0.220404753264946
-0.227385699054293	-0.973805178001365	-2.91532205848322e-07
-0.649771330928206	0.151722853308163	0.744834057053321
0.7253230985171	-0.169364786447037	0.667250201225641
-0.992772300130351	0.120016248546701	-8.43014965473676e-09
-0.0469095101654499	-0.388034587801773	0.920450468011456
-0.110468987223887	-0.913797565515903	-0.390859828063575
-0.343346925859074	-0.939209059550288	-1.00527320801014e-07
0.580558194378612	-0.212234935603999	0.786071771428495
0.738285645796956	-0.269895243232607	-0.618135613711919
-0.310985983955395	0.950414903275286	-1.31512055509542e-07
0.0696409209908074	0.0227873940761889	0.997312001157115
-0.947860103860662	-0.310149982720964	0.073274315430529
-0.87326725469202	-0.487242258781497	3.06031690266995e-08
0.156117559418459	-0.279803995552154	0.947278929224749
0.461554265266816	-0.82722761609264	-0.320410681248805
0.758705252494967	0.651434632383217	1.00344547540584e-07
-0.437063457950972	0.509033801179479	0.741525775396216
-0.483055498606275	0.562599456865635	-0.670924785117144
0.489799497386602	-0.871835521177175	-3.41847335993961e-08
0.495888208845745	0.278591295271468	0.822485283226897
0.717071816008293	0.402852891832787	-0.568786739858682
-0.0490568332465226	-0.998796350641426	3.2812251272215e-07
-0.0810802624787501	0.00398266199619385	0.996699786719215
0.995499974639636	-0.0488949023493174	0.081178036186624
0.986638058756634	0.162929780816657	-1.51741080520185e-07
-0.0635601609212365	0.3848959161615	0.920769032951014
-0.150020734960774	0.908465560708936	-0.390108750373016
0.445614468623164	0.895225342285164	1.36080322454823e-07
-0.240802726478778	0.1198637271026	0.963144408490676
-0.862231180785513	0.429191059211153	-0.268985692615719
0.959941790354581	0.280200799243096	1.93423963651407e-08
-0.0416968239359541	0.142849354597722	0.988865919711646
-0.277080993204795	0.949253616022775	-0.14881052608969
-0.922296445948464	0.386484189777061	-2.36354898158568e-08
-0.27160336170777	-0.648147603834694	0.711432834414603
-0.274957484323556	-0.656151937417238	-0.702754555744921
-0.662908194956285	-0.748701131832068	-9.31838541190499e-08
-0.063823601697925	0.0565099862180677	0.996360156760019
0.745975883094808	-0.660495279718942	0.0852457279361644
0.504508181521528	0.863407270084643	-2.36532985246896e-08
0.0149932975033008	-0.00876089157802568	0.999849403759645
-0.86327718362096	0.504432210063717	0.0173652622719523
0.586195544905888	0.810170058286423	1.59481911046948e-07
-0.746027578026392	0.539785418597666	0.389967856584774
-0.315940162615022	0.228597506242345	-0.920828825566153