{
    "camera_angle_x": 0.6911110281944275,
    "frames": [
        {
            "file_path": "./train/0_colors",
            "rotation": 0,
            "camera_intrinsics": [
                [
                    1111.1113654242622,
                    0.0,
                    399.5
                ],
                [
                    0.0,
                    1111.1113654242622,
                    399.5
                ],
                [
                    0.0,
                    0.0,
                    1.0
                ]
            ],
            "transform_matrix": [
                [
                    0.0019653586205095053,
                    0.8820532560348511,
                    -0.4711456000804901,
                    -1.245834469795227
                ],
                [
                    -0.9999980926513672,
                    0.0017335101729258895,
                    -0.0009260544902645051,
                    0.49656811356544495
                ],
                [
                    -9.368166331569228e-08,
                    0.47114652395248413,
                    0.8820549845695496,
                    3.768463373184204
                ],
                [
                    0.0,
                    0.0,
                    0.0,
                    1.0
                ]
            ]
        },
        {
            "file_path": "./train/1_colors",
            "rotation": 0,
            "camera_intrinsics": [
                [
                    1111.1113654242622,
                    0.0,
                    399.5
                ],
                [
                    0.0,
                    1111.1113654242622,
                    399.5
                ],
                [
                    0.0,
                    0.0,
                    1.0
                ]
            ],
            "transform_matrix": [
                [
                    0.4319630265235901,
                    0.18882250785827637,
                    -0.8819036483764648,
                    -3.4604334831237793
                ],
                [
                    -0.90189129114151,
                    0.09043696522712708,
                    -0.4223898947238922,
                    -1.3968592882156372
                ],
                [
                    -3.00330214031419e-08,
                    0.9778380393981934,
                    0.20936280488967896,
                    1.4402024745941162
                ],
                [
                    0.0,
                    0.0,
                    0.0,
                    1.0
                ]
            ]
        },
        {
            "file_path": "./train/2_colors",
            "rotation": 0,
            "camera_intrinsics": [
                [
                    1111.1113654242622,
                    0.0,
                    399.5
                ],
                [
                    0.0,
                    1111.1113654242622,
                    399.5
                ],
                [
                    0.0,
                    0.0,
                    1.0
                ]
            ],
            "transform_matrix": [
                [
                    -0.41138166189193726,
                    0.2005687654018402,
                    -0.8891216516494751,
                    -3.0932118892669678
                ],
                [
                    -0.91146320104599,
                    -0.0905250757932663,
                    0.40129801630973816,
                    2.121767997741699
                ],
                [
                    4.17016998710551e-08,
                    0.9754883050918579,
                    0.22005139291286469,
                    1.3892947435379028
                ],
                [
                    0.0,
                    0.0,
                    0.0,
                    1.0
                ]
            ]
        },
        {
            "file_path": "./train/3_colors",
            "rotation": 0,
            "camera_intrinsics": [
                [
                    1111.1113654242622,
                    0.0,
                    399.5
                ],
                [
                    0.0,
                    1111.1113654242622,
                    399.5
                ],
                [
                    0.0,
                    0.0,
                    1.0
                ]
            ],
            "transform_matrix": [
                [
                    0.785755455493927,
                    0.35146331787109375,
                    -0.5089812874794006,
                    -1.6427209377288818
                ],
                [
                    -0.6185373067855835,
                    0.4464794993400574,
                    -0.6465815305709839,
                    -2.221994638442993
                ],
                [
                    9.1347036601519e-09,
                    0.8228788375854492,
                    0.568216860294342,
                    2.8920938968658447
                ],
                [
                    0.0,
                    0.0,
                    0.0,
                    1.0
                ]
            ]
        },
        {
            "file_path": "./train/4_colors",
            "rotation": 0,
            "camera_intrinsics": [
                [
                    1111.1113654242622,
                    0.0,
                    399.5
                ],
                [
                    0.0,
                    1111.1113654242622,
                    399.5
                ],
                [
                    0.0,
                    0.0,
                    1.0
                ]
            ],
            "transform_matrix": [
                [
                    -0.7673833966255188,
                    0.3867872357368469,
                    -0.5113885998725891,
                    -1.3251508474349976
                ],
                [
                    -0.6411885023117065,
                    -0.4629124402999878,
                    0.6120370626449585,
                    2.684366464614868
                ],
                [
                    -1.5563047739419744e-08,
                    0.7975636124610901,
                    0.6032348275184631,
                    2.65295147895813
                ],
                [
                    0.0,
                    0.0,
                    0.0,
                    1.0
                ]
            ]
        },
        {
            "file_path": "./train/5_colors",
            "rotation": 0,
            "camera_intrinsics": [
                [
                    1111.1113654242622,
                    0.0,
                    399.5
                ],
                [
                    0.0,
                    1111.1113654242622,
                    399.5
                ],
                [
                    0.0,
                    0.0,
                    1.0
                ]
            ],
            "transform_matrix": [
                [
                    0.296024352312088,
                    -0.2204105257987976,
                    -0.9294023513793945,
                    -3.8642730712890625
                ],
                [
                    -0.9551804065704346,
                    -0.06830858439207077,
                    -0.2880353331565857,
                    -0.8525521159172058
                ],
                [
                    -1.3522517861019878e-07,
                    0.973012387752533,
                    -0.2307528257369995,
                    -0.5835657715797424
                ],
                [
                    0.0,
                    0.0,
                    0.0,
                    1.0
                ]
            ]
        },
        {
            "file_path": "./train/6_colors",
            "rotation": 0,
            "camera_intrinsics": [
                [
                    1111.1113654242622,
                    0.0,
                    399.5
                ],
                [
                    0.0,
                    1111.1113654242622,
                    399.5
                ],
                [
                    0.0,
                    0.0,
                    1.0
                ]
            ],
            "transform_matrix": [
                [
                    -0.7988414764404297,
                    -0.4040320813655853,
                    0.44565725326538086,
                    1.900684118270874
                ],
                [
                    0.6015416383743286,
                    -0.5365505218505859,
                    0.5918287634849548,
                    2.360095262527466
                ],
                [
                    -1.6929428170442407e-07,
                    0.7408587336540222,
                    0.6716609001159668,
                    2.6110057830810547
                ],
                [
                    0.0,
                    0.0,
                    0.0,
                    1.0
                ]
            ]
        },
        {
            "file_path": "./train/7_colors",
            "rotation": 0,
            "camera_intrinsics": [
                [
                    1111.1113654242622,
                    0.0,
                    399.5
                ],
                [
                    0.0,
                    1111.1113654242622,
                    399.5
                ],
                [
                    0.0,
                    0.0,
                    1.0
                ]
            ],
            "transform_matrix": [
                [
                    -0.5647405385971069,
                    0.7491869330406189,
                    -0.346102774143219,
                    -0.7204300165176392
                ],
                [
                    -0.8252685070037842,
                    -0.5126771330833435,
                    0.23684178292751312,
                    1.335153579711914
                ],
                [
                    -2.057193171367544e-07,
                    0.41938188672065735,
                    0.9078099131584167,
                    3.701127529144287
                ],
                [
                    0.0,
                    0.0,
                    0.0,
                    1.0
                ]
            ]
        },
        {
            "file_path": "./train/8_colors",
            "rotation": 0,
            "camera_intrinsics": [
                [
                    1111.1113654242622,
                    0.0,
                    399.5
                ],
                [
                    0.0,
                    1111.1113654242622,
                    399.5
                ],
                [
                    0.0,
                    0.0,
                    1.0
                ]
            ],
            "transform_matrix": [
                [
                    0.4363535940647125,
                    0.11034564673900604,
                    -0.8929834365844727,
                    -3.565673351287842
                ],
                [
                    -0.8997752666473389,
                    0.05351290479302406,
                    -0.43305984139442444,
                    -1.4716843366622925
                ],
                [
                    -1.3045632840658072e-07,
                    0.9924516081809998,
                    0.1226368322968483,
                    1.058356523513794
                ],
                [
                    0.0,
                    0.0,
                    0.0,
                    1.0
                ]
            ]
        },
        {
            "file_path": "./train/9_colors",
            "rotation": 0,
            "camera_intrinsics": [
                [
                    1111.1113654242622,
                    0.0,
                    399.5
                ],
                [
                    0.0,
                    1111.1113654242622,
                    399.5
                ],
                [
                    0.0,
                    0.0,
                    1.0
                ]
            ],
            "transform_matrix": [
                [
                    0.7152705788612366,
                    -0.3865716755390167,
                    -0.5821943879127502,
                    -2.332681179046631
                ],
                [
                    -0.6988475918769836,
                    -0.39565610885620117,
                    -0.5958760380744934,
                    -2.399250030517578
                ],
                [
                    1.202553967516451e-08,
                    0.8330777883529663,
                    -0.5531558990478516,
                    -2.191391706466675
                ],
                [
                    0.0,
                    0.0,
                    0.0,
                    1.0
                ]
            ]
        },
        {
            "file_path": "./train/10_colors",
            "rotation": 0,
            "camera_intrinsics": [
                [
                    1111.1113654242622,
                    0.0,
                    399.5
                ],
                [
                    0.0,
                    1111.1113654242622,
                    399.5
                ],
                [
                    0.0,
                    0.0,
                    1.0
                ]
            ],
            "transform_matrix": [
                [
                    0.9836152791976929,
                    0.08028019964694977,
                    -0.16141901910305023,
                    -0.18036805093288422
                ],
                [
                    -0.18028035759925842,
                    0.4380113482475281,
                    -0.8807071447372437,
                    -3.212108850479126
                ],
                [
                    1.75506862376551e-08,
                    0.8953776359558105,
                    0.44530758261680603,
                    2.3769357204437256
                ],
                [
                    0.0,
                    0.0,
                    0.0,
                    1.0
                ]
            ]
        },
        {
            "file_path": "./train/11_colors",
            "rotation": 0,
            "camera_intrinsics": [
                [
                    1111.1113654242622,
                    0.0,
                    399.5
                ],
                [
                    0.0,
                    1111.1113654242622,
                    399.5
                ],
                [
                    0.0,
                    0.0,
                    1.0
                ]
            ],
            "transform_matrix": [
                [
                    -0.19761702418327332,
                    0.9652364253997803,
                    0.17107367515563965,
                    1.238020658493042
                ],
                [
                    0.9802793264389038,
                    0.194584459066391,
                    0.03448733314871788,
                    0.6487793326377869
                ],
                [
                    1.5099580252808664e-07,
                    0.1745152622461319,
                    -0.9846544861793518,
                    -3.7478513717651367
                ],
                [
                    0.0,
                    0.0,
                    0.0,
                    1.0
                ]
            ]
        },
        {
            "file_path": "./train/12_colors",
            "rotation": 0,
            "camera_intrinsics": [
                [
                    1111.1113654242622,
                    0.0,
                    399.5
                ],
                [
                    0.0,
                    1111.1113654242622,
                    399.5
                ],
                [
                    0.0,
                    0.0,
                    1.0
                ]
            ],
            "transform_matrix": [
                [
                    0.9929773807525635,
                    -0.10361936688423157,
                    0.057087209075689316,
                    0.7103555798530579
                ],
                [
                    0.11830436438322067,
                    0.8697201013565063,
                    -0.4791565537452698,
                    -1.2656012773513794
                ],
                [
                    4.196727410032963e-09,
                    0.48254528641700745,
                    0.8758710026741028,
                    3.7274184226989746
                ],
                [
                    0.0,
                    0.0,
                    0.0,
                    1.0
                ]
            ]
        },
        {
            "file_path": "./train/13_colors",
            "rotation": 0,
            "camera_intrinsics": [
                [
                    1111.1113654242622,
                    0.0,
                    399.5
                ],
                [
                    0.0,
                    1111.1113654242622,
                    399.5
                ],
                [
                    0.0,
                    0.0,
                    1.0
                ]
            ],
            "transform_matrix": [
                [
                    0.46561288833618164,
                    -0.08527964353561401,
                    -0.8808700442314148,
                    -3.632465124130249
                ],
                [
                    -0.8849884867668152,
                    -0.04486745223402977,
                    -0.46344608068466187,
                    -1.6741862297058105
                ],
                [
                    1.235324305071117e-07,
                    0.9953463077545166,
                    -0.09636236727237701,
                    0.04793047904968262
                ],
                [
                    0.0,
                    0.0,
                    0.0,
                    1.0
                ]
            ]
        },
        {
            "file_path": "./train/14_colors",
            "rotation": 0,
            "camera_intrinsics": [
                [
                    1111.1113654242622,
                    0.0,
                    399.5
                ],
                [
                    0.0,
                    1111.1113654242622,
                    399.5
                ],
                [
                    0.0,
                    0.0,
                    1.0
                ]
            ],
            "transform_matrix": [
                [
                    -0.04260827600955963,
                    0.5908166766166687,
                    -0.805679976940155,
                    -2.7196133136749268
                ],
                [
                    -0.9990918636322021,
                    -0.025196554139256477,
                    0.03435984626412392,
                    0.6373056173324585
                ],
                [
                    9.451690097250776e-09,
                    0.8064123392105103,
                    0.5913536548614502,
                    2.863135576248169
                ],
                [
                    0.0,
                    0.0,
                    0.0,
                    1.0
                ]
            ]
        },
        {
            "file_path": "./train/15_colors",
            "rotation": 0,
            "camera_intrinsics": [
                [
                    1111.1113654242622,
                    0.0,
                    399.5
                ],
                [
                    0.0,
                    1111.1113654242622,
                    399.5
                ],
                [
                    0.0,
                    0.0,
                    1.0
                ]
            ],
            "transform_matrix": [
                [
                    0.961627185344696,
                    0.2632480561733246,
                    -0.0772894099354744,
                    0.22087618708610535
                ],
                [
                    -0.2743595838546753,
                    0.9226813316345215,
                    -0.2708984613418579,
                    -0.47832587361335754
                ],
                [
                    3.235891998798479e-09,
                    0.28170841932296753,
                    0.9595000743865967,
                    3.9651503562927246
                ],
                [
                    0.0,
                    0.0,
                    0.0,
                    1.0
                ]
            ]
        },
        {
            "file_path": "./train/16_colors",
            "rotation": 0,
            "camera_intrinsics": [
                [
                    1111.1113654242622,
                    0.0,
                    399.5
                ],
                [
                    0.0,
                    1111.1113654242622,
                    399.5
                ],
                [
                    0.0,
                    0.0,
                    1.0
                ]
            ],
            "transform_matrix": [
                [
                    0.9506837129592896,
                    0.24718481302261353,
                    -0.1873503029346466,
                    -0.22832226753234863
                ],
                [
                    -0.3101620078086853,
                    0.7576510906219482,
                    -0.574251115322113,
                    -1.7323945760726929
                ],
                [
                    1.5514153517415252e-08,
                    0.6040401458740234,
                    0.7969539165496826,
                    3.598149299621582
                ],
                [
                    0.0,
                    0.0,
                    0.0,
                    1.0
                ]
            ]
        },
        {
            "file_path": "./train/17_colors",
            "rotation": 0,
            "camera_intrinsics": [
                [
                    1111.1113654242622,
                    0.0,
                    399.5
                ],
                [
                    0.0,
                    1111.1113654242622,
                    399.5
                ],
                [
                    0.0,
                    0.0,
                    1.0
                ]
            ],
            "transform_matrix": [
                [
                    -0.4970722496509552,
                    -0.23635217547416687,
                    -0.8348993062973022,
                    -3.033522367477417
                ],
                [
                    -0.8677091598510742,
                    0.135395810008049,
                    0.47827690839767456,
                    2.524198055267334
                ],
                [
                    7.593137496542113e-08,
                    0.9621879458427429,
                    -0.27238646149635315,
                    -0.6528140902519226
                ],
                [
                    0.0,
                    0.0,
                    0.0,
                    1.0
                ]
            ]
        },
        {
            "file_path": "./train/18_colors",
            "rotation": 0,
            "camera_intrinsics": [
                [
                    1111.1113654242622,
                    0.0,
                    399.5
                ],
                [
                    0.0,
                    1111.1113654242622,
                    399.5
                ],
                [
                    0.0,
                    0.0,
                    1.0
                ]
            ],
            "transform_matrix": [
                [
                    0.8945584893226624,
                    0.3241420388221741,
                    0.3077288269996643,
                    1.8711985349655151
                ],
                [
                    0.44695088267326355,
                    -0.6487603783607483,
                    -0.6159098148345947,
                    -2.244412899017334
                ],
                [
                    -6.594301105167233e-09,
                    0.6885070204734802,
                    -0.7252296805381775,
                    -2.731524705886841
                ],
                [
                    0.0,
                    0.0,
                    0.0,
                    1.0
                ]
            ]
        },
        {
            "file_path": "./train/19_colors",
            "rotation": 0,
            "camera_intrinsics": [
                [
                    1111.1113654242622,
                    0.0,
                    399.5
                ],
                [
                    0.0,
                    1111.1113654242622,
                    399.5
                ],
                [
                    0.0,
                    0.0,
                    1.0
                ]
            ],
            "transform_matrix": [
                [
                    -0.2293047457933426,
                    -0.9317050576210022,
                    -0.28168240189552307,
                    -0.777472972869873
                ],
                [
                    -0.973354697227478,
                    0.21949279308319092,
                    0.0663594976067543,
                    0.8009495139122009
                ],
                [
                    -2.2514501551995636e-07,
                    0.28939342498779297,
                    -0.9572102427482605,
                    -3.8410956859588623
                ],
                [
                    0.0,
                    0.0,
                    0.0,
                    1.0
                ]
            ]
        },
        {
            "file_path": "./train/20_colors",
            "rotation": 0,
            "camera_intrinsics": [
                [
                    1111.1113654242622,
                    0.0,
                    399.5
                ],
                [
                    0.0,
                    1111.1113654242622,
                    399.5
                ],
                [
                    0.0,
                    0.0,
                    1.0
                ]
            ],
            "transform_matrix": [
                [
                    0.6757801175117493,
                    0.4845443665981293,
                    0.5554620027542114,
                    2.8455147743225098
                ],
                [
                    0.737103283405304,
                    -0.4442327618598938,
                    -0.5092504620552063,
                    -1.65038001537323
                ],
                [
                    -1.5144753007234613e-08,
                    0.7535741925239563,
                    -0.6573628783226013,
                    -2.275805711746216
                ],
                [
                    0.0,
                    0.0,
                    0.0,
                    1.0
                ]
            ]
        },
        {
            "file_path": "./train/21_colors",
            "rotation": 0,
            "camera_intrinsics": [
                [
                    1111.1113654242622,
                    0.0,
                    399.5
                ],
                [
                    0.0,
                    1111.1113654242622,
                    399.5
                ],
                [
                    0.0,
                    0.0,
                    1.0
                ]
            ],
            "transform_matrix": [
                [
                    0.9957326650619507,
                    0.028597360476851463,
                    -0.0877418965101242,
                    0.12409757822751999
                ],
                [
                    -0.09228461235761642,
                    0.30855974555015564,
                    -0.9467177391052246,
                    -3.5559122562408447
                ],
                [
                    -1.0983200127157033e-08,
                    0.9507749676704407,
                    0.30988210439682007,
                    1.827590823173523
                ],
                [
                    0.0,
                    0.0,
                    0.0,
                    1.0
                ]
            ]
        },
        {
            "file_path": "./train/22_colors",
            "rotation": 0,
            "camera_intrinsics": [
                [
                    1111.1113654242622,
                    0.0,
                    399.5
                ],
                [
                    0.0,
                    1111.1113654242622,
                    399.5
                ],
                [
                    0.0,
                    0.0,
                    1.0
                ]
            ],
            "transform_matrix": [
                [
                    -0.6176502108573914,
                    -0.4375838041305542,
                    0.6534742712974548,
                    2.550267219543457
                ],
                [
                    0.7864528894424438,
                    -0.3436616063117981,
                    0.5132138729095459,
                    2.1102023124694824
                ],
                [
                    -5.957862470040709e-08,
                    0.8309134244918823,
                    0.5564017295837402,
                    2.2457032203674316
                ],
                [
                    0.0,
                    0.0,
                    0.0,
                    1.0
                ]
            ]
        },
        {
            "file_path": "./train/23_colors",
            "rotation": 0,
            "camera_intrinsics": [
                [
                    1111.1113654242622,
                    0.0,
                    399.5
                ],
                [
                    0.0,
                    1111.1113654242622,
                    399.5
                ],
                [
                    0.0,
                    0.0,
                    1.0
                ]
            ],
            "transform_matrix": [
                [
                    -0.7498443126678467,
                    -0.49496403336524963,
                    -0.4390263259410858,
                    -1.3724913597106934
                ],
                [
                    -0.6616142988204956,
                    0.5609703660011292,
                    0.4975728690624237,
                    2.6221983432769775
                ],
                [
                    8.742277657347586e-08,
                    0.6635682582855225,
                    -0.7481157183647156,
                    -2.690788507461548
                ],
                [
                    0.0,
                    0.0,
                    0.0,
                    1.0
                ]
            ]
        },
        {
            "file_path": "./train/24_colors",
            "rotation": 0,
            "camera_intrinsics": [
                [
                    1111.1113654242622,
                    0.0,
                    399.5
                ],
                [
                    0.0,
                    1111.1113654242622,
                    399.5
                ],
                [
                    0.0,
                    0.0,
                    1.0
                ]
            ],
            "transform_matrix": [
                [
                    0.9663766622543335,
                    -0.15282876789569855,
                    -0.2067836970090866,
                    -0.48702338337898254
                ],
                [
                    -0.25713056325912476,
                    -0.5743780136108398,
                    -0.7771574854850769,
                    -3.209540367126465
                ],
                [
                    1.0354605173290565e-08,
                    0.8041973114013672,
                    -0.5943624377250671,
                    -2.337019443511963
                ],
                [
                    0.0,
                    0.0,
                    0.0,
                    1.0
                ]
            ]
        },
        {
            "file_path": "./train/25_colors",
            "rotation": 0,
            "camera_intrinsics": [
                [
                    1111.1113654242622,
                    0.0,
                    399.5
                ],
                [
                    0.0,
                    1111.1113654242622,
                    399.5
                ],
                [
                    0.0,
                    0.0,
                    1.0
                ]
            ],
            "transform_matrix": [
                [
                    -0.6003126502037048,
                    -0.18106278777122498,
                    -0.7789999842643738,
                    -2.7103517055511475
                ],
                [
                    -0.799765408039093,
                    0.13590756058692932,
                    0.5847259163856506,
                    2.9097259044647217
                ],
                [
                    -1.2241899582932092e-07,
                    0.9740356206893921,
                    -0.22639478743076324,
                    -0.4330000579357147
                ],
                [
                    0.0,
                    0.0,
                    0.0,
                    1.0
                ]
            ]
        },
        {
            "file_path": "./train/26_colors",
            "rotation": 0,
            "camera_intrinsics": [
                [
                    1111.1113654242622,
                    0.0,
                    399.5
                ],
                [
                    0.0,
                    1111.1113654242622,
                    399.5
                ],
                [
                    0.0,
                    0.0,
                    1.0
                ]
            ],
            "transform_matrix": [
                [
                    -0.6662235260009766,
                    0.0004910625284537673,
                    -0.7457519173622131,
                    -2.4418118000030518
                ],
                [
                    -0.7457520961761475,
                    -0.0004388566594570875,
                    0.666223406791687,
                    3.1280906200408936
                ],
                [
                    -1.2086708522929257e-07,
                    0.9999997615814209,
                    0.0006585875526070595,
                    0.5025978088378906
                ],
                [
                    0.0,
                    0.0,
                    0.0,
                    1.0
                ]
            ]
        },
        {
            "file_path": "./train/27_colors",
            "rotation": 0,
            "camera_intrinsics": [
                [
                    1111.1113654242622,
                    0.0,
                    399.5
                ],
                [
                    0.0,
                    1111.1113654242622,
                    399.5
                ],
                [
                    0.0,
                    0.0,
                    1.0
                ]
            ],
            "transform_matrix": [
                [
                    0.0122873829677701,
                    0.22663497924804688,
                    0.9739022850990295,
                    3.961979866027832
                ],
                [
                    0.9999244809150696,
                    -0.002784989308565855,
                    -0.011967606842517853,
                    0.45745763182640076
                ],
                [
                    2.913082752797891e-08,
                    0.9739757776260376,
                    -0.2266520857810974,
                    -0.30569157004356384
                ],
                [
                    0.0,
                    0.0,
                    0.0,
                    1.0
                ]
            ]
        },
        {
            "file_path": "./train/28_colors",
            "rotation": 0,
            "camera_intrinsics": [
                [
                    1111.1113654242622,
                    0.0,
                    399.5
                ],
                [
                    0.0,
                    1111.1113654242622,
                    399.5
                ],
                [
                    0.0,
                    0.0,
                    1.0
                ]
            ],
            "transform_matrix": [
                [
                    0.7892628908157349,
                    -0.005460130050778389,
                    -0.614031195640564,
                    -2.370302200317383
                ],
                [
                    -0.6140554547309875,
                    -0.0070178452879190445,
                    -0.7892316579818726,
                    -3.189279794692993
                ],
                [
                    1.3200101989241375e-07,
                    0.9999604821205139,
                    -0.008891747333109379,
                    0.458434522151947
                ],
                [
                    0.0,
                    0.0,
                    0.0,
                    1.0
                ]
            ]
        },
        {
            "file_path": "./train/29_colors",
            "rotation": 0,
            "camera_intrinsics": [
                [
                    1111.1113654242622,
                    0.0,
                    399.5
                ],
                [
                    0.0,
                    1111.1113654242622,
                    399.5
                ],
                [
                    0.0,
                    0.0,
                    1.0
                ]
            ],
            "transform_matrix": [
                [
                    -0.45749709010124207,
                    0.1223631203174591,
                    -0.8807517886161804,
                    -3.069523811340332
                ],
                [
                    -0.889211118221283,
                    -0.0629553571343422,
                    0.4531448185443878,
                    2.336512327194214
                ],
                [
                    1.7373606908677175e-07,
                    0.9904866814613342,
                    0.13760854303836823,
                    1.0577019453048706
                ],
                [
                    0.0,
                    0.0,
                    0.0,
                    1.0
                ]
            ]
        },
        {
            "file_path": "./train/30_colors",
            "rotation": 0,
            "camera_intrinsics": [
                [
                    1111.1113654242622,
                    0.0,
                    399.5
                ],
                [
                    0.0,
                    1111.1113654242622,
                    399.5
                ],
                [
                    0.0,
                    0.0,
                    1.0
                ]
            ],
            "transform_matrix": [
                [
                    0.6214988827705383,
                    0.17416922748088837,
                    -0.7638090252876282,
                    -2.9529967308044434
                ],
                [
                    -0.7834150791168213,
                    0.13817192614078522,
                    -0.6059449911117554,
                    -2.2393321990966797
                ],
                [
                    -1.1655558296297386e-08,
                    0.9749736189842224,
                    0.22232049703598022,
                    1.5050586462020874
                ],
                [
                    0.0,
                    0.0,
